,Actual Magnitude,Predicted Magnitude
0,1.5,1.8919999999999986
1,1.22,0.10840000000000004
2,1.44,1.0135999999999996
3,2.7,2.3205999999999998
4,0.71,0.7718
5,0.56,0.8937999999999995
6,2.04,1.6464000000000008
7,0.86,1.1917999999999995
8,3.1,1.956
9,1.2,1.3640000000000003
10,1.83000004,1.9829999982666666
11,0.09,-0.19459999999999997
12,1.6,1.7320000000000004
13,4.1,4.362
14,1.6,1.3100000000000005
15,1.36,1.7309999999999994
16,2.48000002,2.0109999924999995
17,1.1,1.3134000000000003
18,0.3,0.25440000000000007
19,1.49,0.6658000000000002
20,0.47,0.9567999999999999
21,1.4,1.71
22,4.2,4.208000000000001
23,0.84,1.0713999999999997
24,1.38,1.2137999999999998
25,-0.05,1.2085999999999997
26,2.93,2.0508
27,3.7,2.233999999999999
28,2.9,2.858400000000001
29,1.29,1.1521999999999992
30,2.0,2.388000000000001
31,1.15,0.9873999999999996
32,0.44,0.6646
33,1.36,1.5386000000000002
34,0.93,1.7684000000000006
35,1.68,0.9574000000000004
36,0.77,1.1423999999999994
37,2.5,3.048
38,1.98,1.9163999999999999
39,2.44,2.372000001400002
40,1.35,0.7818000000000002
41,1.47,0.8191999999999999
42,1.15,1.3320000000000005
43,1.85000002,1.9958000055733336
44,0.9,1.3839999999999997
45,3.2,2.3620000000000005
46,0.51,0.9962000000000001
47,0.58,0.7588000000000004
48,2.7,2.476
49,2.5,2.2169999999999996
50,4.4,4.3660000000000005
51,4.2,4.920000000000001
52,0.46,1.618999999999999
53,0.53,0.7297999999999998
54,1.21,0.6325999999999997
55,1.35,1.6042000000000005
56,2.7,3.4482000000000017
57,1.7,1.5839999999999999
58,1.6,2.188
59,1.2,1.6119999999999999
60,1.5,1.01
61,1.6,1.9180000000000004
62,1.82000005,2.104799991000001
63,1.9,1.9799999999999995
64,2.6,2.391999999999999
65,1.6,1.3900000000000006
66,0.34,0.6622000000000001
67,1.1,1.2039999999999993
68,0.8,1.1174
69,-0.01,0.25640000000000013
70,2.9,3.1747999999999994
71,2.1,2.2151999999999994
72,1.36,0.6102000000000001
73,1.91,1.9627999999999997
74,1.37,1.2477999999999998
75,0.66,0.3503999999999998
76,1.52,1.4171999999999993
77,1.14,1.3138000000000007
78,0.99,1.221799999999999
79,0.6,1.2389999999999997
80,1.36,1.4622
81,-0.72,-0.18540000000000012
82,0.44,1.0288000000000006
83,1.1,1.556
84,0.0,0.7120000000000002
85,0.43,0.7458000000000001
86,2.1,1.466
87,5.0,4.6339999999999995
88,0.97,1.1072
89,1.84000003,2.015399991999999
90,1.06,1.2968000000000002
91,2.37,2.1136000021999988
92,2.09,1.9499999940000001
93,1.0,1.4200000000000004
94,1.8,1.4160000000000008
95,3.1,3.1339999999999986
96,1.4,1.3966
97,0.85,0.7992000000000001
98,0.23,1.2157999999999995
99,1.04,0.4186000000000001
100,2.5,2.8
101,1.3,1.3162000000000003
102,1.71,0.8824000000000001
103,1.3,0.7989999999999998
104,0.73,0.5934000000000003
105,0.9,1.2120000000000004
106,-0.7,-0.24840000000000004
107,1.58,1.3882000000000005
108,2.1,1.7355999999999998
109,1.6,1.5999999999999994
110,3.7,1.5060000000000004
111,4.7,4.135999999999998
112,0.84,0.9468000000000001
113,1.18,0.878
114,0.76,0.8576000000000001
115,1.95000005,1.845999999466667
116,0.9,1.338
117,1.02,1.4730000000000003
118,0.62,0.31300000000000017
119,1.91,1.7120000000000002
120,2.14,2.156999984300001
121,1.01,0.7165999999999998
122,0.7,1.038
123,-0.16,0.225
124,2.11,2.249999997333333
125,1.3,1.3060000000000005
126,-0.43,-0.5242000000000001
127,0.85,0.8105999999999999
128,0.94,1.5302
129,0.22,0.6132
130,4.1,2.1622
131,4.4,4.234000000000001
132,0.53,0.17420000000000005
133,1.1,0.8908000000000006
134,3.0,3.516
135,0.45,0.6612000000000003
136,0.85,0.5952000000000001
137,1.3,0.9652000000000003
138,2.2,1.8360000000000012
139,0.9,1.2779999999999994
140,2.0,1.4058
141,1.62,1.1409999999999996
142,-0.84,-0.3221999999999998
143,0.59,1.1880000000000006
144,0.6,1.2784
145,1.2,1.528
146,1.5,1.7539999999999998
147,1.56,0.887
148,1.6,1.99
149,0.35,0.8852
150,2.1,2.5460000000000007
151,4.1,4.355999999999998
152,1.7,1.7680000000000005
153,0.37,0.6879999999999998
154,1.4,1.4699999999999998
155,0.5,1.0171999999999999
156,1.1,1.2940000000000003
157,0.77,0.6413999999999997
158,2.5,3.1517999999999984
159,4.5,4.671999999999997
160,3.3,3.0839999999999996
161,0.5,1.3860000000000006
162,1.1,0.9682000000000001
163,0.85,0.7105999999999999
164,1.0,1.0599999999999996
165,1.5,1.4379999999999993
166,1.1,1.2639999999999998
167,1.4,0.4118000000000002
168,4.4,4.654000000000003
169,2.09,1.9621999996
170,1.0,1.4814
171,1.9,1.6359999999999995
172,0.5,1.1683999999999999
173,2.31,0.6963999999999995
174,0.81,1.0265999999999997
175,0.9,1.358
176,1.14,1.0403999999999998
177,1.6,1.3460000000000005
178,1.46,0.8995999999999998
179,-0.05,0.15839999999999993
180,3.29,3.1441999999999997
181,1.95000005,2.0784000091999997
182,0.3,1.2662
183,1.65,1.4686000000000001
184,0.21,0.7508000000000006
185,0.92,0.4109999999999999
186,0.79,1.4168
187,0.04,0.531
188,-0.62,0.4670000000000002
189,0.72,1.0280000000000005
190,1.59,0.6386000000000001
191,1.4,1.4939999999999998
192,0.6,1.0996000000000006
193,0.68,0.6727999999999998
194,0.9,0.3464000000000002
195,0.78,0.7121999999999997
196,0.9,0.8740000000000002
197,2.3,1.5541999999999998
198,0.97,1.3144000000000002
199,1.34,1.1320000000000001
200,0.62,0.5116
201,0.85,0.7172
202,0.5,0.6378
203,-0.54,0.24960000000000004
204,0.35,0.8916000000000001
205,0.12,0.8306000000000001
206,2.03,1.0304
207,2.4,2.326
208,5.1,5.0760000000000005
209,1.6,1.2100000000000004
210,2.3,1.0640000000000003
211,1.84000003,2.0054000051999994
212,1.57,1.4814
213,2.72,1.2392000000000007
214,2.3,2.04
215,1.8,1.2396
216,1.1,0.9371999999999997
217,-0.15,-0.4282
218,2.21,1.1926
219,5.3,4.746000000000003
220,5.3,5.177999999999997
221,4.5,4.725999999999998
222,1.51,0.5833999999999996
223,-0.37,0.13659999999999997
224,1.17,0.9390000000000002
225,1.13,1.2516000000000003
226,2.8,1.1839999999999997
227,4.6,4.436000000000002
228,0.13,0.0996
229,2.54,2.657799999999998
230,0.61,1.392
231,2.24000001,2.0545999925999996
232,2.2,1.8799999999999992
233,0.3,1.2024000000000001
234,1.43,0.8761999999999994
235,3.0,2.9800000000000004
236,-0.17,0.8485999999999997
237,1.0,1.262
238,1.58,1.2402
239,1.18,0.9586000000000002
240,3.1,2.9119999999999986
241,1.04,1.1125999999999996
242,2.36,1.833799996499999
243,2.84,1.5323999999999998
244,1.45,1.0715999971999997
245,0.6,1.1740000000000002
246,4.2,4.886
247,-0.08,0.4488000000000003
248,1.18,0.8537999999999996
249,1.29,0.7111999999999999
250,0.84,1.0844000000000005
251,3.7,3.455399999999998
252,1.29,1.3905999999999994
253,1.62,1.4562
254,2.66,1.9161999999999995
255,0.95,1.0765999999999998
256,1.21,1.3686
257,1.1,0.9172000000000006
258,2.2,1.337
259,-0.31,-0.2052
260,0.25,0.42579999999999996
261,1.6,1.4194
262,1.02,1.3398000000000005
263,1.6,1.5319999999999998
264,1.3,1.338
265,-0.31,0.048799999999999975
266,1.0,1.2360000000000004
267,1.1,1.3260000000000003
268,1.01,0.6138000000000002
269,1.3,1.5520000000000005
270,1.55,0.9308000000000004
271,1.46,1.4682000000000002
272,4.4,4.279999999999999
273,2.7,2.668000000000001
274,1.3,0.22419999999999982
275,0.28,1.1734
276,5.6,5.428
277,1.41,1.0100000000000002
278,1.49,1.2168
279,0.8,0.9559999999999998
280,-0.52,0.19139999999999996
281,1.3,1.4070000000000003
282,1.17,0.8168
283,2.9,2.77
284,3.0,1.7500000000000002
285,0.65,0.8293999999999998
286,1.49,0.9759999999999996
287,0.68,0.5580000000000002
288,0.86,0.5140000000000001
289,0.97,0.9393999999999991
290,1.05,0.8384000000000004
291,0.52,0.8120000000000002
292,0.7,1.0019999999999998
293,2.31,1.4889999969999999
294,1.9,2.254000000000001
295,1.57,2.0267999999999997
296,0.74,0.5142
297,0.7,0.6167999999999999
298,1.0,1.216
299,0.75,0.8084000000000005
300,2.4,1.7054000000000002
301,2.0,0.060999999999999964
302,1.56,1.2406000000000004
303,0.88,1.0432000000000006
304,0.78,1.2508
305,-0.21,0.07479999999999998
306,1.1,1.1480000000000004
307,1.99,2.7919999999999994
308,0.93,1.0941999999999996
309,0.18,0.47620000000000007
310,-0.61,-0.38980000000000004
311,4.1,4.078000000000001
312,2.28999996,2.2298000000000004
313,0.47,0.28479999999999994
314,1.5,1.474
315,1.9,1.905999999999999
316,2.31,2.0269999999999984
317,0.52,0.7121999999999997
318,0.25,-0.03860000000000001
319,2.2,1.2253999999999998
320,0.9,1.7519999999999998
321,0.73,1.3089999999999995
322,2.59,1.7895999999999992
323,0.18,0.08480000000000004
324,1.44,1.4385999999999999
325,1.6,1.3920000000000001
326,-0.26,0.33300000000000013
327,1.74,0.9216
328,1.5,1.534
329,0.7,1.0810000000000002
330,0.82,0.47059999999999974
331,3.2,3.5480000000000014
332,2.22,2.7256
333,0.78,1.2282
334,1.15,1.0816
335,0.93,0.7042
336,2.0,1.3511999999999997
337,2.0,1.3039999999999998
338,0.7,0.46739999999999976
339,3.67,3.398600000000002
340,1.1,1.0965999999999996
341,2.52,1.1234000024
342,2.34,2.5644000000000005
343,0.17,0.30260000000000004
344,1.78,1.7086000000000003
345,0.9,1.182
346,3.6,3.5120000000000005
347,4.2,4.427999999999998
348,2.0,1.9639999999999997
349,1.56,1.4164
350,2.06,2.1706
351,1.23,1.1240000000000006
352,2.6,2.2696
353,1.47,0.6492000000000001
354,1.46,1.4286000000000003
355,1.38,1.312600000000001
356,4.3,3.512
357,4.3,4.539999999999999
358,0.07,-0.37139999999999995
359,1.6,1.677999999999999
360,1.0,0.8403999999999998
361,1.21,0.25499999999999995
362,0.27,0.2910000000000001
363,2.17,1.9295999972000006
364,1.44,1.1934000000000005
365,0.35,0.7152000000000003
366,1.1,1.1960000000000006
367,1.34,0.7478000000000001
368,2.47,1.8959999999999995
369,0.79,1.0265999999999993
370,-0.3,0.7789999999999998
371,0.41,1.2137999999999995
372,0.38,1.1145999999999994
373,0.01,0.8288000000000001
374,0.1,0.6620000000000004
375,1.2,1.4280000000000002
376,1.15,1.2872
377,1.8,1.9920000000000002
378,1.17,0.8752
379,2.03999996,1.9879999927999992
380,0.82,1.2059999999999993
381,1.3,0.5660000000000001
382,0.86,0.7605999999999997
383,0.88,0.8848
384,1.6,2.0499999999999985
385,0.34,1.0632
386,2.6,2.874000000000001
387,0.7,1.6221999827999993
388,2.2,1.7780000000000005
389,0.42,0.5984
390,0.46,0.699
391,1.6,1.0337999999999998
392,0.65,0.503
393,1.57,1.9089999999999983
394,3.7,3.3620000000000005
395,0.73,1.0362
396,1.3,1.148
397,0.81,0.4262000000000002
398,0.84,1.06
399,0.55,0.46620000000000006
400,1.6,2.0119999999999987
401,0.57,0.5600000000000003
402,0.48,0.2558
403,1.99,2.0780000150000006
404,4.3,3.906
405,0.9,1.6280000000000001
406,1.7,1.791999999999999
407,4.4,4.906000000000002
408,1.44,1.0734
409,0.27,-0.06700000000000003
410,1.1,0.9679999999999999
411,4.3,4.558000000000002
412,2.2,1.5759999999999996
413,2.48,2.777200000000002
414,2.04,1.9528000044666662
415,5.0,5.064
416,1.0,0.9416000000000001
417,0.85,0.6978000000000002
418,1.1,0.8799999999999997
419,4.4,4.275999999999999
420,0.18,0.028000000000000004
421,1.88,2.3337999999999983
422,0.04,0.07320000000000002
423,0.58,1.0462000000000002
424,4.5,4.620000000000001
425,0.8,0.9404000000000002
426,0.7,1.0880000000000003
427,1.4,0.046400000000000004
428,0.12,1.1782000000000001
429,0.43,0.9488000000000002
430,1.38,0.8744000000000005
431,1.1,1.088
432,1.0,1.1820000000000004
433,2.9,2.6618
434,1.81,1.3638000000000003
435,2.69,0.9874
436,1.93,0.8881999999999998
437,1.89,1.6952000000000005
438,0.33,0.9207999999999998
439,1.2,1.2999999999999998
440,0.96,0.8947999999999999
441,1.59,1.398
442,0.56,0.3621999999999999
443,2.3,2.3379999999999983
444,1.56,1.4602000000000004
445,1.84000003,2.295599993399999
446,0.6,1.0352
447,1.64,2.2952000000000004
448,1.4,0.9041999999999998
449,-0.18,-0.1646
450,3.4,1.2419999999999998
451,-0.18,-0.050799999999999984
452,1.8,1.7724000000000004
453,1.1,1.9059999999999997
454,0.8,1.0291999999999997
455,1.31,1.001
456,3.2,2.625999999999999
457,0.9,1.1640000000000004
458,2.1,1.7020000000000002
459,1.2,1.425999999999999
460,0.4,1.0858000000000003
461,2.5,2.51
462,4.7,4.81
463,2.05,1.9266000041999995
464,-0.12,1.0059999999999998
465,2.41,2.0742000208999998
466,0.42,1.1161999999999994
467,1.4,2.748
468,0.54,0.43640000000000023
469,2.3,2.384000000000001
470,0.5,1.026
471,1.24,1.2862000000000007
472,0.58,0.5722
473,0.6,0.4866
474,1.3,1.0247999999999997
475,0.7,0.7800000000000002
476,2.4,1.6819999999999995
477,1.8,1.902
478,0.17,0.28300000000000014
479,2.1,2.0579999999999994
480,1.1,1.0140000000000005
481,1.45,1.3533999999999997
482,-0.31,-0.15380000000000002
483,4.2,4.448
484,1.98,1.5110000008
485,0.82,0.6743999999999994
486,1.56,0.7574000000000001
487,0.73,1.4676000000000005
488,2.2,1.2919999999999998
489,1.7,1.3980000000000006
490,1.6,1.7522000000000006
491,1.0,0.19399999999999995
492,2.1,1.922
493,1.0,1.2440000000000002
494,-0.47,0.2011999999999999
495,0.66,0.8117999999999997
496,4.3,4.568
497,0.66,0.3322
498,1.92,1.7844000004
499,1.62,1.7429999999999999
500,-0.69,0.21580000000000002
501,0.71,0.9671999999999998
502,1.8,1.4094000000000002
503,1.65,1.9680000000000002
504,1.48,1.6374000000000002
505,1.1,1.1034
506,1.2,0.9259999999999999
507,1.31,1.7426000000000001
508,2.32,1.013
509,4.4,4.824000000000003
510,0.42,1.0443999999999996
511,2.1,1.5181999999999995
512,1.08,1.5430000000000001
513,1.68,1.3536000000000001
514,1.3,1.6859999999999997
515,1.8,2.006
516,1.3,1.2865999999999997
517,2.3,2.6060000000000003
518,1.0,1.43
519,0.62,0.6468000000000003
520,0.8,0.20580000000000007
521,0.7,1.0199999999999998
522,1.45,1.4126000000000003
523,1.3,1.534
524,0.76,1.047
525,1.6,1.72
526,2.0,1.526
527,0.55,0.8348000000000003
528,0.64,0.9742000000000006
529,2.0,1.638400000000001
530,0.7,0.9919999999999998
531,0.49,0.9312
532,1.0,1.2960000000000005
533,2.2,0.953
534,1.98,1.624
535,0.84,0.8894000000000004
536,-0.24,0.6386000000000002
537,1.07,0.5140000000000002
538,1.8,1.9460000000000008
539,0.8,1.3110000000000006
540,1.61,0.9378
541,0.91,0.9795999999999997
542,1.45,1.5226000000000008
543,1.53,1.7940000047
544,2.1,1.7070000000000005
545,2.51,1.8612000000000004
546,1.13,0.6905999999999994
547,2.58,2.582200000000002
548,1.1,0.9950000000000003
549,3.3,1.7280000000000002
550,2.46,1.3780000000000001
551,0.52,0.31719999999999976
552,0.92,1.7941999999999998
553,1.4,1.7200000000000002
554,5.0,5.185999999999999
555,1.13,1.2252
556,1.22,0.5122000000000001
557,2.97,1.8092000000000001
558,1.9,2.0109999999999997
559,0.92,1.2057999999999998
560,2.18,1.3193999999999995
561,4.3,4.678
562,1.93,1.1093999999999997
563,0.8,0.8552
564,0.86,0.8476000000000004
565,1.6,1.8960000000000006
566,0.63,0.9484000000000004
567,1.9,2.3939999999999997
568,0.84,0.7862000000000002
569,5.2,4.597999999999998
570,0.01,-0.07260000000000003
571,0.66,0.9286000000000005
572,2.00999999,2.1381999932000006
573,1.1,1.4539999999999997
574,1.03,1.8464000000000005
575,4.6,4.906000000000002
576,1.07,1.2099999999999997
577,1.4,1.324
578,1.2,1.1019999999999999
579,0.8,1.182
580,1.68,0.9849999999999999
581,-0.68,-0.44520000000000004
582,5.1,5.904000000000001
583,0.89,0.7800000000000001
584,1.18,0.5694000000000001
585,2.0,1.7136000000000002
586,1.6,1.0282
587,1.6,1.9179999999999993
588,2.5,2.1460000000000004
589,4.6,5.016000000000001
590,1.96,2.2497999999999982
591,0.14,0.48500000000000015
592,1.4,1.706000000000001
593,0.96,1.4871999999999996
594,3.1,2.8520000000000003
595,0.75,0.9375999999999999
596,2.2,0.1468
597,2.6,2.8670000000000004
598,0.72,0.8996000000000001
599,0.3,0.5259999999999998
600,1.1,1.1740000000000002
601,4.6,4.7920000000000025
602,1.36,1.1668000000000007
603,0.74,1.1130000000000002
604,-0.09,-0.3523999999999999
605,0.82,1.5908000000000004
606,1.23,0.8040000000000002
607,2.09,1.6280000000000001
608,2.8,1.8660000000000003
609,3.6,4.106000000000002
610,-0.51,0.048000000000000015
611,0.89,0.8927999999999998
612,0.85,0.7488000000000001
613,0.27,0.21479999999999994
614,1.1,1.29
615,1.71,1.199999999999999
616,1.11,1.2153999999999998
617,2.07,1.2579999999999998
618,1.66,1.6494000000000006
619,-0.12,1.6522000000000006
620,0.5,0.902
621,5.4,4.625999999999998
622,0.9,1.7080000000000002
623,-0.05,0.38720000000000004
624,3.3,2.7259999999999995
625,2.1,1.8556000000000008
626,0.54,0.8439999999999999
627,4.3,4.725999999999996
628,2.08,2.09780000344
629,0.33,0.3622000000000001
630,1.22,1.3918000000000001
631,0.6,0.4909999999999997
632,0.73,1.3845999999999998
633,2.16,1.1725999999999999
634,0.7,1.1060000000000003
635,5.1,4.872000000000001
636,1.87,1.5126
637,1.62,0.9717999999999998
638,0.85,1.3005999999999995
639,5.0,5.17
640,0.9,1.3885999999999994
641,0.0,-0.2183999999999999
642,2.3,2.1424
643,0.02,0.5137999999999999
644,4.3,4.330000000000001
645,1.61,0.7531999999999998
646,0.2,1.5082
647,0.44,0.33419999999999994
648,0.55,0.7818
649,0.76,-0.24060000000000012
650,0.9,1.0683999999999998
651,4.3,4.644000000000002
652,1.22,1.4139999999999997
653,1.34,1.829399999999999
654,0.36,0.6008000000000002
655,0.65,0.7759999999999998
656,2.1,2.106
657,2.0,1.8420000000000005
658,0.89,0.7916000000000001
659,3.05,2.9364
660,1.21,1.1006
661,0.26,0.6184000000000003
662,1.2,0.9740000000000001
663,5.2,5.1179999999999986
664,0.71,0.5509999999999999
665,2.3,3.0600000000000005
666,1.1,0.9267999999999997
667,0.49,0.8109999999999998
668,0.55,0.4783999999999999
669,1.15,0.9302000000000001
670,0.75,0.6417999999999998
671,1.62,1.3258000000000008
672,1.09,0.9669999999999999
673,1.90999997,2.0879999975999994
674,0.7,1.096
675,2.22,2.1161999999999983
676,1.8,2.0800000000000005
677,1.3,0.991
678,0.45,0.4805999999999998
679,2.7,3.0339999999999985
680,1.3,1.204
681,1.67,2.2739999999999996
682,0.99,0.9791999999999997
683,2.27,1.7539999999999998
684,4.2,4.196000000000001
685,1.27,0.6061999999999995
686,0.9,1.2899999999999994
687,1.85,0.9117999999999998
688,0.49,0.951
689,1.2,1.0212
690,0.3,1.0860000000000007
691,0.7,0.9663999999999997
692,4.5,4.476
693,2.01,1.5231999999999999
694,2.6,2.589999999999999
695,2.07,1.0540000000000003
696,0.56,1.2731999999999999
697,2.3,1.4160000000000008
698,0.34,0.9747999999999997
699,0.16,0.37060000000000026
700,-0.27,-0.32220000000000015
701,-0.25,1.4752
702,1.01,1.4688000000000003
703,0.62,1.2318
704,1.27,1.4283999999999992
705,1.97,1.8988000132000011
706,2.1,1.6152000000000006
707,2.8,0.9173999999999998
708,1.05,0.9921999999999997
709,2.6,2.27
710,-0.14,0.1488
711,1.74,1.3333999999999995
712,1.01,0.6374
713,1.08,1.2210000000000003
714,4.2,5.1699999999999955
715,0.89,1.0833999999999997
716,-0.54,-0.136
717,1.07,1.0771999999999995
718,4.2,4.586
719,0.47,0.4935999999999997
720,1.07,1.0437999999999996
721,2.3,2.7400000000000007
722,2.09,2.753199999999999
723,1.55,1.3756000000000004
724,0.31,1.4254000000000002
725,-0.04,-0.3500000000000001
726,2.57,2.9628000000000014
727,2.5,1.996800000000001
728,2.3,2.0879999999999996
729,1.6,1.4829999999999997
730,1.0,1.4720000000000004
731,3.7,3.436399999999998
732,2.8,2.294600005200001
733,0.86,0.6383999999999999
734,0.95,1.4554000000000007
735,1.8,1.55
736,-0.19,-0.017000000000000005
737,2.0,1.7038000000000004
738,1.2,1.3379999999999999
739,1.11,1.1980000000000004
740,1.75,2.168999999999999
741,0.43,0.6957999999999999
742,2.21,2.358800000000001
743,1.94,0.8966000000000003
744,0.53,1.0064
745,1.4,1.4879999999999995
746,-0.23,-0.012800000000000002
747,2.6,2.121800000000001
748,0.9,1.4758000000000002
749,2.4,1.854
750,2.05999994,2.1490000072
751,0.3,0.6440000000000003
752,1.1,0.7115999999999997
753,0.6,1.0440000000000007
754,2.69,2.746599999999999
755,3.1,2.5679999999999996
756,0.75,0.6936000000000001
757,4.8,4.653999999999999
758,1.22,0.6955999999999999
759,1.8,1.632
760,0.71,0.7433999999999998
761,-0.45,1.6132
762,2.09,2.2052000000000005
763,1.5,1.2620000000000005
764,0.52,0.8909999999999996
765,1.13,1.0848
766,-0.21,0.05360000000000002
767,0.64,0.6410000000000001
768,1.81,1.923200006
769,2.39,1.9829999970000003
770,1.88,1.7175999999999991
771,0.68,0.5250000000000002
772,1.9,1.7567999999999997
773,1.7,1.5420000000000003
774,2.1,2.1460000000000004
775,1.68,1.1622000000000003
776,1.26,1.4535999999999996
777,0.9,0.9264000000000001
778,2.14,2.0200000167999996
779,0.31,0.6873999999999999
780,0.3,1.0800000000000003
781,1.26,1.5249999999999995
782,1.4,1.4780000000000002
783,2.07,1.1415999999999997
784,1.53,0.7173999999999998
785,1.13,1.5776000000000006
786,4.7,4.7920000000000025
787,2.6,2.15
788,0.91,0.6949999999999998
789,1.77,1.4006
790,1.76,1.6530000000000005
791,5.2,5.040000000000003
792,0.91,0.023399999999999987
793,4.0,3.0877999999999997
794,4.9,4.960000000000003
795,0.71,0.9326000000000001
796,-0.49,-0.3534000000000001
797,-0.39,-0.3970000000000002
798,1.73,0.8531999999999997
799,1.5,1.2260000000000002
800,0.7,1.048
801,1.08,0.7332000000000001
802,1.5,1.0
803,0.63,0.9337999999999999
804,0.8,0.93
805,1.1,1.3529999999999995
806,1.7,0.7486000000000002
807,1.5,1.422
808,0.71,1.0346000000000002
809,0.82,0.5694
810,1.1,1.1221999999999996
811,1.6,1.2039999999999997
812,1.02,1.3507999999999998
813,1.15,1.2592
814,1.95,1.9844000129999995
815,1.5,1.8219999999999996
816,0.57,0.67
817,1.25,0.030799999999999984
818,2.47,1.6712
819,5.1,4.478000000000001
820,0.97,0.5882000000000001
821,0.96,0.06959999999999995
822,2.3,2.752
823,0.7,0.9623999999999997
824,2.2,1.5419999999999998
825,0.35,0.9864000000000006
826,1.6,1.5739999999999994
827,4.3,2.3360000000000003
828,0.4,0.7592
829,1.94,1.9416000000000002
830,0.77,0.7648
831,0.32,0.4623999999999999
832,5.4,5.201999999999998
833,1.2,1.4360000000000002
834,1.24,0.49559999999999976
835,2.4,3.120000000000001
836,1.7,1.3639999999999994
837,1.55,1.452
838,1.09,1.4939999999999996
839,1.92,1.670399997733334
840,1.7,2.074
841,0.49,0.9963999999999998
842,1.38,1.2818
843,2.1,1.8497999999999992
844,2.4,2.2511999999999994
845,2.12,1.1024000000000003
846,0.37,0.7942
847,-0.32,-0.07060000000000001
848,-0.24,0.821
849,1.83,1.3658000000000001
850,4.8,4.908000000000001
851,1.97,2.5987999999999976
852,1.83,1.7797999999999996
853,0.38,0.8387999999999997
854,-0.07,1.0774000000000001
855,0.82,1.6432000000000004
856,0.85,0.17460000000000003
857,5.0,4.594
858,5.1,4.892000000000003
859,3.3,2.1939999999999995
860,0.2,0.4720000000000003
861,0.57,0.013000000000000005
862,1.38,0.813
863,1.02,0.8894000000000004
864,0.6,1.4686
865,1.8,2.0840000000000005
866,4.8,4.985999999999998
867,1.23,1.3135999999999999
868,0.39,-0.11239999999999999
869,1.3,2.3404000000000007
870,0.29,0.04799999999999999
871,0.94,1.2073999999999991
872,1.6,1.8720000000000006
873,3.6,2.111999999999999
874,1.1,0.904
875,1.46,1.6821999999999995
876,1.02,0.7753999999999998
877,0.04,0.461
878,0.69,1.0751999999999997
879,1.67,0.7651999999999998
880,1.26,1.5688000000000004
881,4.1,4.637999999999998
882,0.46,0.7822000000000001
883,0.85,0.7902
884,0.91,0.25720000000000015
885,1.4,1.2599999999999998
886,1.67,0.5697999999999999
887,1.6,1.3611999999999995
888,0.41,0.31760000000000005
889,0.34,0.6325999999999997
890,2.33,1.2646000000000008
891,1.71,1.9003999856000002
892,0.12,0.0024000000000000046
893,1.75,1.2992
894,1.03,1.2864000000000004
895,0.68,0.6247999999999999
896,1.0,1.0204000000000002
897,0.56,0.5497999999999998
898,1.4,1.0393999999999999
899,1.15,1.1982000000000006
900,-0.44,-0.4247999999999999
901,2.4,2.7780000000000014
902,1.4,1.2243999999999997
903,1.9,1.8539999999999992
904,1.2,1.2160000000000004
905,1.31,1.4826000000000001
906,0.86,0.9877999999999996
907,2.01,1.2331999999999999
908,1.63,1.7659999999999996
909,1.11,1.0033999999999998
910,0.8,1.3960000000000001
911,0.96,1.1634000000000002
912,0.7,1.2019999999999995
913,1.4,1.4539999999999995
914,1.9,2.152
915,0.3,1.1166
916,2.0,1.8920000169666666
917,1.0,2.589999999999999
918,5.0,4.8960000000000035
919,-0.01,0.49779999999999996
920,1.07,1.4011999999999996
921,2.13,2.0242
922,2.8,1.214
923,1.0,1.2779999999999994
924,4.9,4.5639999999999965
925,0.49,0.6327999999999999
926,2.05,1.9574000115999997
927,1.1,1.9920000000000004
928,0.67,1.6116
929,1.8,1.9080000000000015
930,1.92,1.7651999998000008
931,1.13,1.3041999999999998
932,2.31,1.5240000000000002
933,1.23,1.2638
934,0.7,1.0697999999999994
935,0.6,0.3326
936,1.13,1.412
937,3.2,1.9080000000000006
938,1.9,2.299999999999999
939,0.69,1.2329999999999999
940,3.4,1.5880000000000003
941,1.08,1.8960000000000001
942,0.8,0.5298000000000003
943,1.6,1.0433999999999997
944,1.2,1.3646000000000003
945,0.9,1.2880000000000005
946,0.75,1.3078
947,0.11,-0.3013999999999999
948,1.23,0.7731999999999998
949,0.85,0.8534000000000002
950,1.4,1.2913999999999992
951,-0.11,0.1945999999999999
952,1.70000005,1.9470000052000003
953,4.2,4.519999999999999
954,1.2,1.048
955,0.4,0.6240000000000002
956,1.53,0.9448000000000001
957,0.46,1.2336000000000005
958,1.6,1.3354000000000006
959,1.4,0.5378000000000001
960,1.51,1.3654000000000008
961,1.95,1.0784
962,1.9,1.8179999999999998
963,0.84,0.8476000000000005
964,2.7,1.1905999999999999
965,0.48,1.1423999999999994
966,3.2,3.1239999999999997
967,2.11,2.397599999999999
968,1.16,1.4110000000000005
969,1.89999998,2.1827999968
970,0.46,0.738
971,1.8,2.3360000000000016
972,4.8,4.789999999999999
973,-0.11,-0.0028000000000000104
974,1.49,1.6388000000000005
975,2.6,1.8945999999999998
976,0.15,0.21500000000000002
977,2.4,2.055000008
978,0.62,0.3664
979,0.5,1.3059999999999996
980,1.1,1.34
981,-0.24,-0.1734
982,1.74,1.6234000000000004
983,3.47,3.3588
984,1.3,1.3820000000000001
985,0.59,1.0768
986,2.09,1.7658000004
987,1.5,1.4675999999999996
988,0.82,0.7149999999999999
989,1.32,0.5444000004
990,1.51,1.1500000000000004
991,2.6,1.9859999999999998
992,4.9,4.741999999999999
993,2.13,1.4047999999999996
994,2.7,3.096000000000001
995,1.75999999,1.9490000204622226
996,1.79,1.2888000000000008
997,2.3,2.3738000006000006
998,-0.12,-0.2604000000000001
999,0.78,0.6029999999999999
1000,1.8,1.2919999999999996
1001,1.4,0.18780000000000005
1002,0.11,0.061799999999999945
1003,1.56,1.2336000012000001
1004,0.85,0.5912000000000001
1005,-0.12,0.43780000000000013
1006,1.03,1.215
1007,-0.15,0.6973999999999999
1008,0.57,1.2331999999999999
1009,0.88,1.3774000000000002
1010,2.2,2.0160000000000005
1011,4.8,4.584000000000003
1012,0.6,0.8388000000000001
1013,1.07,1.3458000000000003
1014,-0.29,0.042800000000000005
1015,1.5,0.9537999999999996
1016,2.3,2.5959999999999996
1017,2.0,1.8060000000000003
1018,2.0,1.99400001727
1019,0.1,0.8365999999999998
1020,5.1,5.2799999999999985
1021,-0.14,0.6231999999999999
1022,1.92,2.0946000000000007
1023,0.87,1.0028000000000004
1024,0.84,0.7874
1025,1.77,1.7453999999999998
1026,5.0,4.5740000000000025
1027,3.44,0.5035999999999998
1028,0.71,0.7394000000000002
1029,1.3,1.334
1030,3.0,1.459600000000001
1031,1.2,0.22679999999999986
1032,1.4,1.7085999999999988
1033,0.05,0.17200000000000004
1034,0.24,0.2916000000000001
1035,0.56,1.0235999999999998
1036,4.7,4.606
1037,4.6,4.6019999999999985
1038,0.11,0.8778
1039,2.8,3.010000000000001
1040,1.6,1.5171999999999997
1041,2.12,2.0378000071999995
1042,2.1,1.696
1043,1.9,0.8497999999999997
1044,1.41,1.3640000000000003
1045,4.6,4.704000000000002
1046,0.73,1.1226000000000003
1047,0.7,1.1820000000000002
1048,1.32,1.6241999999999996
1049,0.82,0.7549999999999999
1050,1.25,0.4647999999999998
1051,-0.76,-0.9138000000000005
1052,0.84,0.8252000000000002
1053,1.17,0.9298000000000003
1054,0.32,1.3903999999999999
1055,1.98,1.0045999999999995
1056,0.66,1.3905999999999998
1057,1.3,1.0610000000000002
1058,2.4,1.876
1059,0.9,0.8359999999999996
1060,2.24,2.0323999936000003
1061,0.11,-0.04779999999999998
1062,2.21,1.2207999999999999
1063,1.6,1.3500000000000003
1064,1.63,1.9260000000000002
1065,-0.11,-0.17779999999999999
1066,1.32,0.8423999999999998
1067,0.85,0.6206
1068,1.86000001,1.6343999832000007
1069,0.8,1.4882000000000002
1070,3.1,2.6549999999999994
1071,0.8,1.226
1072,1.12,1.3483999999999992
1073,4.2,4.465999999999999
1074,0.83,1.2668000000000001
1075,2.6,2.6519999999999992
1076,0.75,0.4744
1077,1.6,1.6
1078,0.47,0.6385999999999998
1079,1.05,0.9159999999999997
1080,2.58,1.4427999999999996
1081,1.1,1.297
1082,5.3,5.111999999999997
1083,5.8,5.0139999999999985
1084,1.59,1.421599999999999
1085,4.3,4.804000000000003
1086,1.8,1.5979999999999999
1087,1.34,1.5507999999999995
1088,6.7,4.848
1089,1.03,0.6539999999999999
1090,1.84000003,2.0002000049999995
1091,1.79999995,2.0570000007999996
1092,1.2,1.6235999999999993
1093,1.53,1.1430000000000002
1094,1.82,1.3787999999999994
1095,1.0,1.4679999999999993
1096,0.8,0.9293999999999996
1097,1.99000001,2.2294000304000003
1098,3.3,3.2666000000000004
1099,1.43,1.0852000000000006
1100,-0.42,-0.27060000000000006
1101,4.5,4.642000000000001
1102,1.73,1.7222000000000002
1103,1.79,1.7082000000000006
1104,2.5,1.38
1105,1.6,1.2679999999999996
1106,3.5,3.5139999999999993
1107,0.85,0.46460000000000007
1108,0.72,0.052200000000000024
1109,0.7,1.2140000000000002
1110,1.5,1.8759999999999994
1111,1.7,1.365999999999999
1112,0.49,0.6202
1113,2.41,1.9025999999999998
1114,2.14,0.7762000000000002
1115,1.0,1.1368000000000003
1116,0.71,0.23479999999999998
1117,0.6,0.38800000000000007
1118,0.7,1.023
1119,2.08,2.0182000040999997
1120,1.57,0.7242000000000003
1121,4.2,4.2799999999999985
1122,1.88,1.9342000000000008
1123,0.81,0.8012000000000001
1124,5.3,4.484
1125,4.3,4.470000000000002
1126,0.56,-0.11860000000000002
1127,1.54,1.1609999999999996
1128,2.04,1.9243999999999999
1129,1.6,1.778
1130,0.78,1.0957999999999999
1131,0.8,1.1879999999999997
1132,0.47,0.7998000000000001
1133,1.97000003,1.957799997399999
1134,-0.11,-0.0972
1135,0.9,1.0457999999999996
1136,0.47,1.3149999999999997
1137,1.33,1.5728
1138,1.88,1.6804000166000008
1139,-0.51,-0.2583999999999999
1140,-0.17,-0.357
1141,1.1,1.3079999999999998
1142,4.3,4.405999999999999
1143,1.75,1.3006
1144,1.08,1.4455999989999997
1145,2.0,1.3384000000000003
1146,0.59,0.3992
1147,2.9,1.9015999990000005
1148,2.7,2.2873999999999985
1149,1.83,1.2876000000000003
1150,2.08,1.1736000000000006
1151,1.58,1.7128000000000003
1152,1.8,1.3993999999999998
1153,0.9,1.2679999999999998
1154,0.38,0.24559999999999996
1155,1.2,1.4574000000000007
1156,1.95,0.6447999999999999
1157,0.9,1.2572
1158,1.5,1.6340000000000003
1159,-0.3,-0.18600000000000003
1160,1.65,0.8902
1161,2.9,3.4540000000000015
1162,0.74,0.5649999999999998
1163,0.6,2.0216000012
1164,0.8,1.1272000000000002
1165,2.02,1.8327999983999999
1166,2.42,2.3555999999999986
1167,0.53,0.8090000000000002
1168,1.2,1.2919999999999998
1169,1.0,1.2180000000000002
1170,1.0,1.3359999999999999
1171,2.18,1.2744000000000002
1172,-0.47,0.6258000000000001
1173,1.4,1.1206000000000003
1174,0.48,0.4708000000000001
1175,2.08,1.8550000136000009
1176,1.65,1.0878000000000003
1177,1.5,1.5219999999999998
1178,2.8,1.49
1179,0.8,1.1375999999999997
1180,0.66,0.44199999999999995
1181,0.8,0.7779999999999998
1182,1.5,1.4260000000000002
1183,1.8,1.1759999999999993
1184,0.52,1.2981999999999996
1185,0.7,0.7351999999999996
1186,1.61,1.7664000000000002
1187,0.78,0.9064000000000003
1188,1.08,0.8309999999999998
1189,1.55,0.6398
1190,1.0,1.0600000000000003
1191,4.8,5.018000000000003
1192,0.46,1.1195999999999995
1193,0.43,0.033599999999999984
1194,5.3,5.016000000000002
1195,1.9,1.5680000000000007
1196,1.24,0.9526000000000002
1197,1.49,1.6179999999999988
1198,1.85,1.3026000000000002
1199,3.36,2.850400000000001
1200,4.4,4.564000000000002
1201,2.4,2.744
1202,1.3,1.4669999999999996
1203,0.69,0.9587999999999998
1204,1.4,1.3364000000000005
1205,-0.26,0.21679999999999988
1206,2.3,1.7320000000000002
1207,1.08,1.0481999999999996
1208,0.83,0.8108
1209,1.84000003,2.083200005
1210,4.0,4.32
1211,0.52,0.6110000000000002
1212,1.19,1.2617999999999996
1213,1.18,1.0939999999999999
1214,1.4,1.4999999999999998
1215,0.02,0.792
1216,2.06,1.2096
1217,1.62,1.947600000999999
1218,4.2,4.777999999999999
1219,1.57,1.0777999999999999
1220,1.0,1.6039999999999994
1221,1.3,1.7700000000000005
1222,2.8,2.072
1223,1.26,1.2670000000000001
1224,1.72,1.8300000038000002
1225,0.46,0.9087999999999998
1226,2.3,1.8870000000000007
1227,1.17,0.9399999999999998
1228,1.05,1.0350000000000001
1229,0.83,0.03479999999999999
1230,0.21,0.3999999999999999
1231,0.64,0.9900000000000005
1232,1.78999996,2.1321999956999993
1233,1.25,0.3956000000000001
1234,2.41,2.077199999999999
1235,0.8,1.3880000000000001
1236,1.5,1.0539999999999996
1237,1.6,1.42
1238,1.6,2.0759999999999996
1239,1.6,1.0152000000000003
1240,4.7,4.954000000000003
1241,1.8,1.7919999999999994
1242,0.9,0.7983999999999999
1243,2.2,1.281
1244,0.72,1.1856
1245,0.5,0.32740000000000025
1246,1.23,1.9293999999999998
1247,1.0,1.4704
1248,0.7,1.2506
1249,0.59,0.9309999999999999
1250,1.5,1.0200000000000002
1251,2.4,0.7699999999999999
1252,4.2,4.543999999999998
1253,0.7,0.7900000000000003
1254,3.05,2.7268000000000012
1255,2.04,2.4268000029333336
1256,-0.6,0.0034000000000000002
1257,2.3,2.3779999999999992
1258,5.4,5.149999999999999
1259,3.8,2.894
1260,1.24,1.1274
1261,0.83,0.7075999999999999
1262,1.82,1.4218000000000004
1263,1.95,1.4654000000000003
1264,0.99,0.21619999999999995
1265,2.72,2.3103999976
1266,2.6,3.2220000000000004
1267,-0.06,0.9997999999999999
1268,2.1,2.693999999999999
1269,1.73,1.3388000000000002
1270,1.69,1.6002000000000003
1271,4.2,4.417999999999999
1272,1.0,0.7886000000000003
1273,1.54,1.1701999999999995
1274,1.5,1.1944
1275,2.69,2.4844000008
1276,1.0,1.2
1277,1.5,1.1960000000000002
1278,2.1,1.298
1279,1.43,0.5224000000000001
1280,1.6,1.6499999999999995
1281,1.08,1.0308
1282,1.38,1.4846000000000001
1283,0.61,1.049
1284,2.8,1.7016000000000004
1285,-0.02,-0.11800000000000012
1286,1.2,1.2482
1287,0.9,1.3434
1288,0.11,0.3738000000000002
1289,0.77,0.8741999999999998
1290,1.01,0.4910000000000001
1291,1.0,1.4999999999999998
1292,2.9,2.934
1293,3.0,4.398
1294,2.06,1.9250000109999987
1295,2.01999998,2.097599977
1296,2.2,2.4659999999999997
1297,1.8,1.0179999999999998
1298,0.92,0.6755999999999999
1299,0.9,1.026
1300,1.75,1.8806000015999993
1301,1.12,1.0688000000000004
1302,2.24,2.1504000006
1303,1.27,1.1106000000000003
1304,3.21,1.4859999999999984
1305,6.1,5.230000000000003
1306,-0.5,0.9798
1307,0.06,0.3919999999999999
1308,1.84000003,1.9923999948
1309,0.78,0.18660000000000004
1310,1.05,0.9246
1311,1.07,1.6626000000000007
1312,2.1,1.7979999999999996
1313,0.5,0.9700000000000003
1314,4.5,5.368000000000003
1315,0.97,1.2324000000000002
1316,0.94,0.7862
1317,1.8,1.984
1318,-0.08,0.6340000000000001
1319,1.32,1.0910000000000004
1320,-0.62,-0.08840000000000002
1321,0.7,0.7752000000000003
1322,1.8,0.24140000000000003
1323,0.4,0.8299999999999997
1324,4.0,4.353999999999998
1325,1.24,1.2218000000000004
1326,1.4,1.33
1327,1.70000005,2.0537999985999997
1328,1.4,0.12600000000000006
1329,2.8,2.4081999999999986
1330,0.08,0.1348000000000001
1331,0.99,1.1597999999999993
1332,3.5,3.41
1333,1.4,1.7240000000000006
1334,0.9,1.378
1335,0.66,0.9205999999999998
1336,1.08,1.5758000000000003
1337,0.5,1.2139999999999993
1338,1.73000002,2.0301999975999987
1339,1.0,0.7969999999999997
1340,2.9,2.7218
1341,1.05,1.7059999999999993
1342,0.7,1.089
1343,0.8,1.1840000000000008
1344,0.4,1.1161999999999999
1345,0.99,0.3910000000000003
1346,2.0,1.5600000000000003
1347,4.9,5.006000000000003
1348,3.3,2.354399999999999
1349,0.54,0.8032000000000002
1350,2.11999989,2.1390000126
1351,0.68,0.2624000000000001
1352,0.91,1.1951999996000005
1353,0.67,0.49140000000000006
1354,4.9,4.372
1355,2.0,2.088199995100001
1356,1.8,1.9580000000000002
1357,1.4,1.1090000000000004
1358,0.66,0.27899999999999997
1359,0.9,0.5604000000000001
1360,0.89,0.9586
1361,4.0,4.266
1362,2.45,2.0275999999999987
1363,2.2,1.8939999999999997
1364,0.65,1.0066000000000004
1365,1.22,1.1696000000000004
1366,2.15,2.5769999999999995
1367,3.5,3.1319999999999992
1368,-0.39,0.08239999999999999
1369,0.25,-0.2772000000000001
1370,1.12,0.3814000000000001
1371,1.61,1.5882000064
1372,2.0,1.466
1373,1.99000001,1.9626000054
1374,0.84,0.9122000000000002
1375,0.82,1.5832000000000002
1376,1.15,1.2433999999999998
1377,0.51,0.9037999999999998
1378,2.43,1.3769999999999998
1379,1.74000001,2.0100000175999995
1380,1.86,0.7020000000000003
1381,0.51,1.4892000004000006
1382,1.0,0.49139999999999984
1383,1.8,1.6122000000000005
1384,1.1,1.6674000000000004
1385,3.68,3.560400000000001
1386,0.58,0.5371999999999999
1387,4.4,4.519999999999999
1388,1.73,1.7915999999999999
1389,2.21,1.3058
1390,0.96,0.47400000000000003
1391,1.22,0.9694000000000003
1392,1.88,2.02959999
1393,2.3,0.8532000000000002
1394,0.96,1.2764000000000002
1395,0.2,1.1140000000000005
1396,-0.3,0.015999999999999986
1397,0.04,0.32480000000000003
1398,2.42,2.3124000000000002
1399,1.65,1.683199999
1400,1.88999999,2.0697999928000006
1401,1.95000005,1.8887999925999999
1402,1.4,1.6460000000000008
1403,2.61,2.759799999999999
1404,-0.36,0.3974
1405,0.56,0.5616
1406,1.77,1.0218
1407,1.0,1.278
1408,1.56,1.0668
1409,2.25,2.4815999999999985
1410,5.0,5.096000000000001
1411,0.8,0.6399999999999999
1412,4.4,4.680000000000001
1413,1.1,1.7740000000000007
1414,1.7,1.3980000000000001
1415,1.8,1.8660000000000005
1416,0.5,1.4188
1417,1.49,2.0158000054
1418,2.1,2.0160000000000005
1419,3.85,3.8122000000000003
1420,1.62,0.8015999999999994
1421,1.98000002,1.9430000114499995
1422,1.79999995,2.0017999917999996
1423,0.74,0.9093999999999999
1424,0.0,0.34340000000000004
1425,1.4,1.5199999999999998
1426,1.3,1.6617999999999995
1427,2.4,2.6959999999999984
1428,4.3,4.637999999999998
1429,1.4,1.5708000000000006
1430,3.45,3.3092000000000006
1431,5.6,4.549999999999998
1432,3.0,1.0040000000000004
1433,0.85,0.9278
1434,1.87,2.3351999989999994
1435,0.49,0.6459999999999999
1436,0.54,0.7239999999999998
1437,1.59,0.9783999999999999
1438,0.54,0.7170000000000001
1439,0.51,0.8212000000000002
1440,0.26,0.6215999999999996
1441,5.1,5.423999999999996
1442,1.6,1.4636000000000002
1443,1.29,1.3196
1444,4.5,4.598000000000002
1445,5.4,5.342
1446,1.4,1.4276000000000002
1447,3.5,2.687999999999999
1448,4.9,5.008000000000001
1449,0.93,1.3056
1450,0.47,0.7213999999999993
1451,-0.4,-0.5906000000000002
1452,2.3,2.1560000000000015
1453,1.93,1.5346000000000002
1454,0.2,0.9102000000000002
1455,0.69,0.46759999999999996
1456,1.2,1.2860000000000005
1457,2.01,1.9925999888000003
1458,1.79,1.4691999999999996
1459,2.65,1.8088000039999996
1460,0.73,1.0002000000000002
1461,0.6,1.102
1462,0.99,0.4264
1463,1.4,1.2808
1464,1.83000004,2.222399995
1465,1.25,1.1317999999999997
1466,4.6,4.604
1467,4.4,4.99
1468,1.42,1.1415999999999995
1469,0.66,0.8763999999999997
1470,4.5,4.846
1471,0.4,0.9265999999999996
1472,2.6,3.4600000000000013
1473,0.3,0.679
1474,0.73,0.7540000000000003
1475,3.0,3.602
1476,1.3,1.3479999999999999
1477,1.33,1.1631999999999993
1478,0.69,0.8660000000000002
1479,1.4,1.1743999999999999
1480,-0.22,-0.3206
1481,4.0,3.458799999999999
1482,1.4,1.9920000000000002
1483,0.05,0.26159999999999983
1484,0.46,0.7972000000000001
1485,2.08,2.0012
1486,0.9,1.0480000000000003
1487,-0.83,-0.0356
1488,0.44,0.893
1489,1.9,1.7319999999999995
1490,4.6,4.551999999999999
1491,2.8,2.8739999999999988
1492,1.96000004,1.9733999966
1493,1.7,1.6299999999999997
1494,4.5,4.704000000000001
1495,0.98,0.3829999999999999
1496,0.4,0.5589999999999997
1497,0.41,1.3862000000000003
1498,-0.54,0.6826000000000002
1499,3.32,2.6283999999999987
1500,1.8,2.095999999999999
1501,2.46,2.1659999999999995
1502,4.2,3.6840000000000015
1503,1.65,1.9818000000000007
1504,0.67,-0.036000000000000004
1505,4.3,4.4479999999999995
1506,1.4,1.6299999999999994
1507,1.14,1.4616000000000005
1508,1.3,1.1907999999999996
1509,1.89,1.2533999999999994
1510,2.2,1.7819999999999996
1511,0.61,0.7069999999999997
1512,0.66,0.4275999999999998
1513,0.91,0.8907999999999998
1514,2.8,2.4145999999999996
1515,3.31,2.622600000000001
1516,1.4,1.4939999999999996
1517,0.26,-0.08080000000000002
1518,0.5,0.7674000000000005
1519,2.28999996,1.9965999983999998
1520,-0.01,-0.126
1521,5.0,5.038
1522,1.2,1.5379999999999998
1523,0.4,1.31
1524,1.61,1.916600008000001
1525,2.29,1.8675999906
1526,2.17,2.0618
1527,1.89,2.142999999999999
1528,1.04,1.3148
1529,1.5,0.5820000000000003
1530,2.4,2.2159999999999997
1531,0.63,0.5203999999999996
1532,2.1,2.0140000000000007
1533,1.25,1.4353999999999996
1534,0.99,0.42560000000000003
1535,4.2,4.6019999999999985
1536,1.59,1.2005999999999992
1537,1.03,1.0232000000000006
1538,2.7,3.1300000000000017
1539,0.52,0.7614000000000003
1540,1.81,1.0745999999999998
1541,2.3,1.9740000000000004
1542,1.5,1.4404
1543,0.8,1.4099999999999997
1544,0.92,1.321
1545,0.6,0.44659999999999994
1546,5.0,5.281999999999999
1547,2.0,1.8439999999999999
1548,1.7,0.94
1549,0.7,0.7159999999999997
1550,1.53,1.2524000000000002
1551,0.9,0.9450000000000003
1552,0.87,0.9846000000000005
1553,1.2,1.3780000000000001
1554,3.0,2.9920000000000018
1555,4.7,5.0280000000000005
1556,0.57,0.7365999999999999
1557,0.42,-0.25959999999999994
1558,2.0,1.1856000000000007
1559,1.2,0.6007999999999997
1560,1.5,1.4400000000000004
1561,1.51,1.9308000081999994
1562,1.2,1.7379999999999993
1563,2.34,2.8417999994000014
1564,0.58,0.5476
1565,1.23,1.2670000000000001
1566,0.57,0.3829999999999999
1567,1.89,1.8764000000000005
1568,1.1,1.114
1569,0.69,1.0702000000000007
1570,1.5,2.0638000000000005
1571,2.7,2.1519999999999997
1572,1.6,1.4014000000000006
1573,0.3,0.9601999999999998
1574,1.6,1.7939999999999998
1575,1.2,1.68
1576,0.58,0.8504000000000005
1577,0.92,0.7774000000000001
1578,0.72,0.7008
1579,1.82,1.9242000000000004
1580,3.3,3.130000000000001
1581,-0.3,-0.05000000000000001
1582,2.7,2.6508000000000003
1583,2.47,1.8943999999999992
1584,2.1,2.417999999999998
1585,1.3,1.3864000000000005
1586,0.53,0.5660000000000003
1587,1.9,1.6879999999999995
1588,1.2,1.5239999999999991
1589,2.7,3.522
1590,2.11,2.076399995600001
1591,1.9,1.7096
1592,1.88999999,2.087799991733333
1593,1.6,1.3279999999999996
1594,1.6,1.5389999999999997
1595,1.3,1.75
1596,0.09,0.41840000000000016
1597,1.6,1.466
1598,1.35,1.5674000000000003
1599,0.58,0.7936
1600,2.0,2.0135999999999994
1601,4.1,4.379999999999998
1602,0.79,1.0040000000000002
1603,0.2,0.8849999999999999
1604,0.38,0.7267999999999994
1605,0.42,0.14900000000000002
1606,2.2,1.7899999999999998
1607,1.11,1.008
1608,0.39,0.7034000000000004
1609,1.68,1.1350000000000005
1610,-0.07,0.09219999999999999
1611,5.3,5.276
1612,0.7,1.4243999999999999
1613,2.1,1.0879999999999992
1614,-0.36,-0.4577999999999999
1615,2.9,1.3219999999999998
1616,1.83,1.1818000000000004
1617,4.2,4.736000000000002
1618,2.38,1.9508000001999988
1619,1.03,0.7841999999999996
1620,-0.12,0.6073999999999997
1621,1.7,1.9979999999999998
1622,0.36,0.8346000000000001
1623,1.3,1.3079999999999998
1624,1.57,1.0766000000000004
1625,0.8,0.9796000000000002
1626,2.38,1.8947999999999992
1627,0.87,0.31580000000000014
1628,0.8,0.6531999999999999
1629,1.91,1.8769999999999996
1630,0.02,0.2863999999999999
1631,1.4,1.8639999999999994
1632,0.43,1.2052000000000005
1633,1.8,2.5275999999999996
1634,-0.56,-0.32420000000000004
1635,0.71,1.1796
1636,1.22,1.0700000000000003
1637,0.9,1.0555999999999992
1638,-0.03,-0.3434
1639,3.3,2.752999999999999
1640,-0.3,1.1194000000000002
1641,4.0,1.6459999999999995
1642,2.1,2.0239999999999996
1643,1.25,1.2423999999999997
1644,5.0,4.633999999999999
1645,1.3,1.7193999975999998
1646,0.72,0.9478000000000002
1647,1.39,1.275
1648,1.5,1.8699999999999994
1649,4.6,5.084000000000001
1650,0.75,0.8172000000000001
1651,0.67,0.8174000000000001
1652,0.79,0.37520000000000003
1653,1.41,0.9862000000000003
1654,0.2,0.9035999999999997
1655,3.6,2.8539999999999996
1656,0.78,1.1376
1657,2.2,2.0300000000000002
1658,0.8,1.0667999999999997
1659,1.83,1.7788000058000002
1660,0.62,0.9507999999999995
1661,1.5,1.592
1662,0.04,0.7136000000000002
1663,1.65,0.7383999999999997
1664,0.1,0.7293999999999996
1665,4.2,5.5214000000000025
1666,0.58,1.5096000000000003
1667,1.1,1.5740000000000003
1668,4.3,3.4399999999999995
1669,0.59,0.6729999999999999
1670,0.8,1.1410000000000002
1671,0.9,0.903
1672,0.91,1.2496
1673,0.95,0.7502
1674,0.23,0.6168000000000001
1675,0.2,0.8528
1676,0.94,1.2573999999999999
1677,1.18,1.3941999999999999
1678,2.69,2.4059999999999975
1679,0.5,0.6409999999999997
1680,2.8,3.1439999999999997
1681,1.8,1.8028
1682,1.2,1.4440000000000006
1683,1.72,1.0912000000000006
1684,1.4,1.7540000000000004
1685,1.2,1.32
1686,0.55,0.6607999999999998
1687,4.8,4.550000000000002
1688,3.7,3.1460000000000012
1689,-0.06,0.6302
1690,1.9,0.6068
1691,1.73,1.8281999999999994
1692,0.86,0.9432000000000004
1693,2.16000009,2.0032000038900004
1694,0.63,0.5906000000000003
1695,1.74000001,2.1601999999999997
1696,4.4,4.692
1697,1.4,1.5415999999999994
1698,1.61,1.7978000000000012
1699,2.03999996,2.1301999988
1700,1.0,1.3419999999999999
1701,0.66,0.8145999999999997
1702,4.1,4.683999999999997
1703,2.16,1.0147999999999997
1704,1.2,0.9937999999999999
1705,-0.12,-0.2879999999999999
1706,5.4,4.668
1707,-0.33,-0.35480000000000006
1708,0.8,0.8382000000000002
1709,1.8,1.4340000000000002
1710,1.04,1.0745999999999996
1711,0.9,1.0525999999999995
1712,1.8,1.5580000000000005
1713,-0.44,0.37060000000000004
1714,0.96,0.38380000000000003
1715,2.05,2.148600004199999
1716,0.47,1.3657999999999992
1717,0.81,1.0591999999999995
1718,1.08,1.1396000000000004
1719,2.0,1.3317999999999994
1720,0.84,0.8889999999999997
1721,4.6,4.828000000000002
1722,1.94,1.9445999999999992
1723,0.5,1.3437999999999994
1724,1.4,2.2659999999999987
1725,4.5,4.52
1726,0.6,0.7710000000000001
1727,1.1,1.4680000000000002
1728,1.82,0.8597999999999996
1729,4.3,4.2860000000000005
1730,-0.34,-0.23320000000000007
1731,2.06999993,2.039199997799999
1732,0.48,1.2584000000000004
1733,1.16,1.3124
1734,1.97,2.025600001013334
1735,1.9,1.5943999999999994
1736,1.3,1.2379999999999998
1737,1.28,0.9694000000000003
1738,1.85000002,1.9144000034000004
1739,1.99,1.9945999939999999
1740,0.8,1.2140000000000002
1741,2.01,2.6324
1742,-0.35,-0.17559999999999995
1743,2.01,1.9184000128622223
1744,1.9,2.0555999999999996
1745,1.1,1.5792
1746,1.1,0.7536000000000002
1747,0.72,1.0866000000000005
1748,0.15,0.7206000000000001
1749,0.07,0.43780000000000013
1750,2.4,3.286
1751,2.92,1.4206
1752,0.17,0.31859999999999994
1753,2.6,2.815999999999999
1754,0.28,0.9638000000000005
1755,1.2,1.1427999999999998
1756,4.9,4.815999999999999
1757,2.01999998,1.9329999781999998
1758,1.3,1.1691999999999998
1759,3.0,1.7660000000000002
1760,0.85,0.8398
1761,1.67,1.1076
1762,2.5,1.8
1763,0.75,0.7845999999999997
1764,2.3,2.052
1765,0.9,1.3419999999999996
1766,4.1,4.498000000000001
1767,1.5,1.7420000000000002
1768,0.41,0.6789999999999999
1769,1.61,1.5643999999999991
1770,0.55,0.9486000000000003
1771,0.28,1.3397999999999997
1772,1.11,0.7490000000000001
1773,2.36,2.395999999999999
1774,1.83,1.4397999990000006
1775,3.22,2.5650000000000013
1776,2.24,1.2209999999999992
1777,0.98,0.5781999999999998
1778,3.35,2.635000000000001
1779,1.4,1.1566000000000007
1780,0.84,0.8040000000000005
1781,0.88,0.8079999999999998
1782,1.02,1.5342000000000002
1783,0.2,0.9821999999999999
1784,0.83,0.8522000000000002
1785,1.4,1.0420000000000005
1786,1.97,1.3066
1787,1.13,0.42460000000000014
1788,2.3,2.2680000000000016
1789,4.2,4.762000000000001
1790,2.15,2.3274000000000012
1791,0.12,0.6696000000000001
1792,0.48,0.8171999999999996
1793,0.92,1.0652
1794,1.24,0.8164
1795,-0.23,0.4895999999999999
1796,1.23,1.2204
1797,2.5,2.9682000000000004
1798,1.6,1.4798000000000007
1799,-0.22,-0.6156
1800,1.02,1.0268000000000006
1801,1.76999998,1.7995999913999996
1802,0.62,1.5667999999999997
1803,0.48,0.8463999999999998
1804,0.9,1.3440000000000003
1805,-0.72,-0.4344000000000001
1806,3.0,4.133999999999997
1807,1.3,1.6557999964000003
1808,1.77,0.9456
1809,0.82,1.0510000000000002
1810,1.65,1.4692
1811,2.8,2.7159999999999997
1812,0.73,0.8302000000000004
1813,1.6,0.706
1814,1.06,1.3522000000000005
1815,1.73,1.9937999964
1816,1.6,2.0140000000000002
1817,0.82,-0.24060000000000004
1818,1.3,0.7960000000000003
1819,1.11,1.0559999999999996
1820,1.9,1.7040000000000004
1821,0.34,0.3348000000000001
1822,4.1,1.358
1823,1.5,0.8221999999999997
1824,2.7,2.2225999999999995
1825,0.9,1.0782
1826,1.0,1.5759999999999998
1827,1.85,1.2068000000000003
1828,0.7,1.0199999999999998
1829,0.83,1.6120000000000005
1830,2.1,1.5199999999999998
1831,4.2,4.411999999999999
1832,1.0,1.04
1833,0.98,1.0804000000000002
1834,0.8,0.7259999999999998
1835,0.39,0.9374000000000008
1836,1.96000004,1.9372000081733334
1837,1.83,1.7264
1838,1.45,0.8887999999999998
1839,0.96,0.7387999999999999
1840,2.2,2.9800000000000004
1841,1.1,-0.26580000000000015
1842,6.9,3.412
1843,2.07,1.9258000229999994
1844,0.75,0.6718000000000005
1845,0.21,0.9512
1846,1.2,1.0068000000000004
1847,0.98,1.193599999999999
1848,2.8,2.514000000000001
1849,2.1,1.9879999999999998
1850,2.33,1.8602000322
1851,1.71000004,1.6682000000000006
1852,1.6,1.6599999999999995
1853,0.47,1.8474000000000002
1854,0.43,0.9852000000000001
1855,1.16,0.8443999999999997
1856,4.1,2.918000000000001
1857,0.4,1.284
1858,0.9,1.0230000000000004
1859,1.6,1.3376
1860,0.9,0.7423999999999996
1861,4.3,4.638000000000001
1862,2.08,2.0837999853999998
1863,1.9,0.6392000000000003
1864,5.8,4.9159999999999995
1865,1.87,1.0540000000000003
1866,1.23,1.8903999999999996
1867,-0.57,0.034600000000000034
1868,1.05,1.2667999999999997
1869,2.35,2.4135999999999997
1870,0.46,0.7153999999999999
1871,-0.3,0.301
1872,-0.17,-0.12420000000000002
1873,1.1,1.3859999999999995
1874,1.29,1.7330000000000003
1875,2.52,1.9257999999999993
1876,1.84000003,2.0932000094
1877,1.5,1.2658
1878,3.0,3.0799999999999987
1879,2.41,2.1920000000000015
1880,1.49,1.5634000000000001
1881,1.4,0.8245999999999998
1882,1.62,1.6553999942
1883,4.4,4.305399999999998
1884,-0.2,1.5883999999999998
1885,0.77,1.1228
1886,1.0,1.2091999999999994
1887,1.3,1.3779999999999994
1888,1.4,1.2920000000000003
1889,1.48,1.5804
1890,2.4,1.6740000000000002
1891,1.9,1.908
1892,0.5,0.8756000000000003
1893,1.9,2.0880000000000014
1894,0.24,0.37859999999999994
1895,1.02,0.6084
1896,1.21,1.5554000000000006
1897,0.92,1.1888000000000003
1898,1.9,1.4124
1899,1.31,1.5224000000000004
1900,3.1,1.6442000000000005
1901,1.0,1.0629999999999995
1902,0.89,1.361
1903,0.21,0.7544000000000001
1904,1.22,1.0312
1905,-0.1,-0.4378000000000001
1906,0.6,0.6847999999999999
1907,3.28,1.4604
1908,1.94000006,2.1782000332000004
1909,1.5,1.5006
1910,1.13,1.3456000000000008
1911,2.0,1.8159999999999994
1912,0.28,0.82
1913,0.82,0.4839999999999997
1914,1.87,2.448999999999999
1915,1.4,1.8240000000000003
1916,2.82,2.5798000000000014
1917,2.3,2.076000000000001
1918,5.1,5.01
1919,2.42,2.07339998565
1920,3.21,2.4804000000000004
1921,0.88,0.6442000000000001
1922,4.7,4.66
1923,1.08,0.786
1924,0.89,0.8575999999999998
1925,0.9,1.4739999999999998
1926,1.8,1.9320000000000008
1927,0.32,1.1379999999999995
1928,1.4,1.5714000000000004
1929,2.2,2.8095999999999997
1930,1.0,1.8190000000000004
1931,1.41,0.7150000000000003
1932,1.5,1.3712
1933,2.36,2.2078000000000007
1934,-0.35,-0.33899999999999997
1935,1.6,1.4761999999999997
1936,1.1,1.294
1937,1.61,0.8445999999999999
1938,1.45,0.4619999999999998
1939,4.5,4.748000000000003
1940,0.99,1.302400000000001
1941,5.5,5.139999999999999
1942,4.8,5.366000000000002
1943,0.9,1.3040000000000003
1944,3.4,3.5580000000000003
1945,2.14,0.5470000000000002
1946,0.57,0.5672
1947,2.6,2.658000000000001
1948,0.8,1.152
1949,0.97,1.2178000000000004
1950,1.0,0.9513999999999999
1951,0.57,0.8776000000000002
1952,-0.06,0.22799999999999998
1953,1.4,1.81
1954,1.13,0.7162
1955,3.77,3.347000000000001
1956,0.44,0.6267999999999999
1957,1.5,0.6879999999999998
1958,-0.14,0.7244000000000003
1959,4.4,4.466000000000003
1960,1.75,1.9372000119999992
1961,1.0,1.2999999999999998
1962,0.84,1.2528000000000001
1963,-0.27,-0.375
1964,0.62,1.0941999999999998
1965,0.52,1.805600000000001
1966,2.5,1.8549999999999998
1967,0.46,0.7191999999999996
1968,0.75,1.1545999999999994
1969,4.2,4.383999999999998
1970,0.67,0.8563999999999998
1971,1.34,1.4411999999999998
1972,3.08,2.8474
1973,0.26,0.15960000000000002
1974,2.22,2.1497999973999997
1975,1.2,0.7041999999999997
1976,2.2,2.344
1977,1.55,1.3286000000000002
1978,0.83,0.9606000000000003
1979,2.4,1.7719999999999991
1980,1.0,1.4637999999999998
1981,1.1,1.544
1982,0.16,-0.3385999999999999
1983,5.5,5.1999999999999975
1984,1.8,1.3364000000000003
1985,4.4,4.578000000000002
1986,1.62,1.4255999999999998
1987,2.3,1.858000000000001
1988,2.49,1.8111999999999997
1989,1.73,1.4864000047999997
1990,1.7,1.958000000000001
1991,-0.91,-0.3824000000000002
1992,0.8,0.9114000000000005
1993,1.3,1.6195999999999995
1994,2.5,1.4555999999999996
1995,1.33,1.3654000000000002
1996,-0.08,0.6348
1997,4.7,4.668
1998,1.37,1.8647999999999993
1999,0.59,1.0569999999999997
2000,1.0,1.482
2001,1.1,1.6319999999999992
2002,0.7,1.1074000000000002
2003,0.71,1.5928000000000002
2004,1.1,1.306
2005,1.4,1.5079999999999998
2006,-0.54,0.41859999999999986
2007,1.13,1.3641999999999999
2008,0.6,1.095
2009,0.7,0.9570000000000001
2010,1.13,1.1934000000000005
2011,0.45,0.5184
2012,1.63,0.6960000000000001
2013,1.6,2.4840000000000004
2014,0.82,1.6254000000000002
2015,2.47,2.355600000000001
2016,1.7,1.7099999999999997
2017,1.1,0.7426
2018,1.09,0.7152
2019,0.55,0.5898000000000002
2020,3.2,2.571999999999999
2021,1.6,1.533
2022,1.26,1.3469999999999995
2023,3.64,2.99
2024,1.1,0.6505999999999998
2025,4.4,4.859999999999999
2026,0.98,0.5226000000000002
2027,0.42,0.018199999999999984
2028,2.66,0.9922000000000003
2029,0.99,0.9334
2030,1.47,0.6600000000000001
2031,1.82,1.5597999999999999
2032,0.06,1.0770000000000004
2033,0.85,1.32
2034,1.1,1.8024000000000004
2035,1.2,1.3339999999999999
2036,2.1,1.69
2037,4.5,3.2799999999999994
2038,3.2,3.3360000000000003
2039,1.24,0.912
2040,1.3,1.3164000000000002
2041,1.33,1.168
2042,3.2,3.5740000000000003
2043,3.6,3.2500000000000004
2044,1.0,0.9773999999999998
2045,1.1,0.8038000000000001
2046,2.1,2.4339999999999993
2047,3.8,3.5140000000000002
2048,1.6,1.9219999999999993
2049,1.2,1.6120000000000005
2050,-0.02,0.3081999999999999
2051,1.59,1.2621999999999998
2052,4.9,5.138000000000001
2053,2.03999996,2.2009999816000003
2054,1.34,0.815
2055,0.96,0.6369999999999998
2056,0.13,0.062400000000000004
2057,0.12,1.305
2058,2.3,1.1593999999999998
2059,2.1,0.20080000000000012
2060,2.0,1.4850000000000005
2061,1.53,0.8629999999999999
2062,4.9,4.575999999999999
2063,0.75,1.1554
2064,1.6,1.068
2065,1.49,1.7168000000000003
2066,1.2,1.1249999999999993
2067,1.7,1.8579999999999992
2068,0.95,1.8519999999999996
2069,4.3,2.1819999999999995
2070,0.69,1.3233999999999997
2071,0.14,0.8206000000000002
2072,0.9,0.8358000000000005
2073,2.9,1.7229999999999999
2074,1.52,0.9372
2075,1.01,0.845
2076,2.1,2.1359999999999997
2077,1.64,1.1196000000000006
2078,0.08,0.3042
2079,1.83,1.4031999999999996
2080,1.1,1.474
2081,1.88,1.8448000000000002
2082,1.91999996,2.2344000176
2083,1.87,2.0635999990999996
2084,0.8,1.2983999999999998
2085,0.16,0.1931999999999999
2086,-0.59,-0.027200000000000005
2087,0.9,1.2440000000000004
2088,4.2,4.281999999999999
2089,1.0,1.4779999999999995
2090,0.77,0.8854000000000002
2091,2.2,2.4100000000000006
2092,0.81,1.3350000000000006
2093,0.94,1.6134000004000004
2094,1.6,2.4568
2095,0.4,1.2000000000000006
2096,0.56,-0.06000000000000001
2097,0.9,1.3968000000000003
2098,3.4,2.0060000000000007
2099,2.2,1.9440000000000013
2100,1.9,2.3708
2101,0.72,0.5782
2102,1.48,1.8467999950666663
2103,1.49,1.3716
2104,2.8,2.7400000000000015
2105,1.2,1.0455999999999996
2106,2.7,2.001800008400001
2107,3.5,1.63
2108,1.9,2.0936000000000003
2109,1.4,1.3740000000000003
2110,1.61,1.9948000000000001
2111,5.7,4.563999999999998
2112,2.8,1.6219999999999997
2113,1.1,1.016
2114,5.0,4.344
2115,1.8,1.3866
2116,2.05,2.1130000002
2117,0.14,0.2684000000000001
2118,1.2,1.712000000000001
2119,0.36,1.0466000000000002
2120,0.76,1.0471999999999995
2121,0.7,0.8097999999999997
2122,1.19,0.7692
2123,0.6,0.5380000000000004
2124,2.8,2.2179999999999995
2125,1.9,1.086
2126,5.3,5.032000000000001
2127,1.71,1.2815999999999996
2128,1.4,1.5091999999999999
2129,0.47,0.6780000000000002
2130,1.46,1.3274000000000001
2131,2.02,2.1075999973999995
2132,1.68,0.8808000000000004
2133,0.81,0.4885999999999999
2134,2.22,1.8228000000000006
2135,1.3,1.2379999999999998
2136,0.49,1.5562000004
2137,0.43,0.5948
2138,-0.31,0.33960000000000007
2139,1.63,1.9265999999999992
2140,0.97,1.0628000000000006
2141,0.35,0.8187999999999999
2142,1.7,1.7720000000000005
2143,1.73,1.138
2144,4.7,4.616000000000002
2145,3.9,2.5040000000000013
2146,0.86,0.7639999999999998
2147,0.66,0.9751999999999998
2148,2.13000011,2.0359999992
2149,1.2,1.5730000000000002
2150,1.95000005,1.6905999999999992
2151,0.3,0.5098000000000001
2152,2.3,2.942000000000001
2153,2.02,1.9924000102
2154,3.54,2.9763999999999986
2155,4.2,4.3359999999999985
2156,1.07,1.2673999999999999
2157,0.75,1.3288000000000004
2158,1.9,1.8640000000000005
2159,2.1,1.9219999999999997
2160,-0.31,0.1552
2161,2.28,2.0353999845999997
2162,0.9,1.1679999999999995
2163,2.01,1.8088000000000009
2164,4.1,4.956000000000003
2165,1.27,1.3668
2166,0.9,1.3762000000000003
2167,-1.03,-0.44999999999999973
2168,2.44,1.4368000000000003
2169,2.29,1.456
2170,1.94000006,1.9040000014999998
2171,1.9,1.8159999999999996
2172,0.79,1.1747999999999994
2173,3.67,3.1316000000000015
2174,4.5,4.7799999999999985
2175,2.15,2.1295999994
2176,0.6,1.3019999999999998
2177,0.59,-0.2795999999999999
2178,0.13,-0.05300000000000002
2179,0.8,0.4837999999999998
2180,1.0,0.6759999999999998
2181,1.02,0.8762000000000004
2182,1.29,1.0701999999999998
2183,1.52,1.4646000000000003
2184,1.5,2.0579999999999994
2185,0.58,1.5066000000000002
2186,0.37,0.21520000000000003
2187,2.21,0.9388
2188,2.8,2.4323999999999995
2189,2.36,1.6070000004000002
2190,3.2,2.8440000000000007
2191,0.84,0.6707999999999998
2192,1.3,1.1740000000000006
2193,1.74000001,2.131799986199999
2194,0.48,0.6029999999999999
2195,0.86,1.4564000000000004
2196,0.32,0.3798
2197,1.57,1.7335999999999996
2198,2.17,1.2590000000000006
2199,-0.07,0.1016
2200,1.1,1.136
2201,0.68,0.6909999999999998
2202,5.1,5.195999999999997
2203,1.86,1.3349999999999997
2204,0.85,1.3119999999999998
2205,0.88,1.0204
2206,-0.13,-0.4414
2207,2.29,1.8625999998000011
2208,1.02,0.9063999999999994
2209,1.29,1.3211999999999995
2210,0.22,0.7855999999999996
2211,1.36,0.9629999999999999
2212,-0.19,-0.35200000000000004
2213,1.05,1.5932
2214,1.2,1.2720000000000007
2215,2.35,2.1132000138222224
2216,2.21,2.6219999999999994
2217,0.7,0.8828000000000005
2218,0.56,0.8156000000000004
2219,1.7,2.003999999999999
2220,1.6,1.3231999999999997
2221,0.69,1.1188
2222,0.84,0.8668000000000002
2223,1.49,1.0585999999999998
2224,4.3,4.6419999999999995
2225,0.68,1.0117999999999998
2226,1.1,1.3779999999999994
2227,2.26999998,1.9512000102666665
2228,1.5,1.6299999999999997
2229,1.4,1.588
2230,1.58,2.1440000003999997
2231,1.8,1.8900000000000006
2232,0.49,0.8790000000000002
2233,5.0,4.875999999999998
2234,1.6,1.1599999999999993
2235,2.2,0.6206000000000003
2236,1.1,1.2319999999999998
2237,2.28,1.3211999999999986
2238,1.15,1.4001999999999994
2239,0.73,1.0934000000000004
2240,1.79,1.7915999999999999
2241,1.8,1.412
2242,0.85,0.6704000000000002
2243,2.6,2.002
2244,0.85,0.9368000000000003
2245,2.1,2.208
2246,0.87,0.6945999999999999
2247,0.4,1.3873999999999993
2248,2.7,2.6145999999999985
2249,1.8,2.804
2250,3.28,1.3376
2251,0.14,0.9587999999999997
2252,0.9,0.8832000000000001
2253,1.15,1.0300000000000002
2254,0.62,0.6283999999999998
2255,0.15,0.4735999999999999
2256,2.0,2.0280000000000005
2257,0.62,0.4823999999999997
2258,1.82000005,1.9350000000000003
2259,1.8,0.8939999999999999
2260,0.27,0.006199999999999988
2261,0.27,0.9274000000000003
2262,1.14,1.2186
2263,1.9,1.8379999999999996
2264,1.3,1.2934000000000005
2265,1.75,2.0820000028666668
2266,1.29,1.3422000000000005
2267,1.42,1.1904000000000001
2268,1.03,0.8203999999999999
2269,2.1,1.1217999999999995
2270,1.6,1.4981999999999998
2271,3.0,2.6240000000000006
2272,0.34,0.34299999999999997
2273,-0.39,0.4629999999999999
2274,-0.27,0.23259999999999997
2275,0.56,1.3803999999999998
2276,1.1,1.2420000000000002
2277,0.76,0.6511999999999999
2278,1.2,1.1960000000000004
2279,-0.44,-0.18400000000000002
2280,0.36,1.1225999999999998
2281,1.0,1.1022000000000005
2282,1.1,1.2224
2283,2.76,2.3183999999999987
2284,1.3,1.8939999999999995
2285,0.66,0.8262000000000004
2286,3.2,2.2179999999999986
2287,0.72,0.7569999999999999
2288,2.0,2.307999999999999
2289,1.83,2.5067999999999993
2290,1.49,0.8007999999999995
2291,3.17,3.538200000000001
2292,2.4,1.3480000000000008
2293,0.7,1.146
2294,2.14,2.1117999908000002
2295,1.17,1.0792000000000004
2296,1.93,1.3373999999999997
2297,1.6,0.30800000000000016
2298,2.12,1.820800000000001
2299,0.63,1.0931999999999995
2300,-0.06,0.3488000000000002
2301,0.8,2.305
2302,0.01,-0.07879999999999995
2303,1.2,1.5959999999999988
2304,1.36,0.7076
2305,0.69,0.8982000000000001
2306,1.06,1.948199999999999
2307,3.06,2.6618
2308,1.03,1.1769999999999998
2309,1.44,2.2558000000000002
2310,-0.03,0.4822000000000001
2311,0.44,0.9518
2312,0.89,1.4516
2313,2.6,3.037999999999999
2314,1.23,1.2803999999999993
2315,-0.07,-0.22979999999999992
2316,0.86,0.615
2317,1.02,1.0541999999999998
2318,0.97,1.2358
2319,2.07,2.0348
2320,1.5,1.8785999999999996
2321,2.26,1.3656000000000004
2322,1.33,0.9735999999999997
2323,3.4,3.4460000000000006
2324,0.8,0.8046
2325,1.3,1.5439999999999992
2326,1.2,1.6018000000000001
2327,3.9,1.9940000000000007
2328,2.4,1.8720000000000008
2329,1.33,1.4443999999999997
2330,-0.19,0.14680000000000004
2331,-0.67,0.0712
2332,1.6,1.0319999999999998
2333,0.71,0.7442000000000003
2334,2.6,1.854000000000001
2335,0.55,0.6308000000000002
2336,1.4,1.2628000000000004
2337,-0.36,0.20439999999999997
2338,4.6,4.59
2339,4.35,2.0338
2340,0.28,1.2656000000000005
2341,0.4,1.0870000000000004
2342,3.0,2.0800000000000005
2343,3.2,2.048
2344,0.26,0.8244000000000004
2345,1.19,1.5040000000000004
2346,1.2,1.2540000000000004
2347,1.3,1.2520000000000004
2348,1.84,2.0339999999999994
2349,1.07,0.8044000000000002
2350,0.81,0.6381999999999999
2351,0.44,0.8360000000000005
2352,0.5,-0.13840000000000002
2353,1.16,1.0968
2354,1.90999997,2.0476000054400005
2355,2.1,1.9932000058000003
2356,4.7,5.106000000000002
2357,1.4,1.4774
2358,0.8,1.2148
2359,4.7,4.8980000000000015
2360,0.86,0.9510000000000002
2361,1.87,1.0724000000000007
2362,3.26,2.7510000000000003
2363,1.91999996,2.1155999984
2364,1.75999999,1.9724000055999982
2365,0.74,1.3678
2366,2.5,2.1736000009999996
2367,0.52,0.7868
2368,1.53,1.9212000124666653
2369,4.0,5.001999999999999
2370,1.68,1.5208000000000002
2371,0.94,1.9038
2372,1.2,1.2852000000000001
2373,3.5,3.0367999999999995
2374,1.61,1.2935999999999996
2375,2.28,1.9355999996000002
2376,2.08,1.0717999999999999
2377,1.1,1.2020000000000004
2378,1.17,0.9238
2379,0.81,1.06
2380,1.1,1.3379999999999996
2381,1.54,1.7652000000000008
2382,0.6,1.1985999999999999
2383,1.6,2.274
2384,3.1,3.582000000000001
2385,0.5,0.42119999999999974
2386,4.6,4.3420000000000005
2387,2.24,1.8010000045999996
2388,0.7,1.6459999999999995
2389,0.34,0.7782000000000001
2390,3.9,3.8079999999999994
2391,0.24,0.7677999999999997
2392,2.5,1.8624
2393,0.95,1.1477999999999993
2394,1.58,1.3117999999999999
2395,0.1,0.8051999999999999
2396,0.98,0.7524000000000002
2397,1.7,1.5296000000000003
2398,0.71,1.1336
2399,4.5,4.545999999999999
2400,0.9,0.9597999999999999
2401,3.9,1.9039999999999997
2402,2.3,1.776
2403,4.6,4.378000000000002
2404,1.1,1.6099999999999994
2405,4.5,4.479999999999998
2406,1.13,0.9746000000000001
2407,1.4,1.5619999999999998
2408,1.4,1.9382000000000008
2409,-0.12,-0.15399999999999994
2410,3.18,1.264
2411,1.22,1.1822000000000004
2412,1.15,0.7542000000000003
2413,0.53,1.405
2414,5.8,5.072000000000002
2415,0.68,0.738
2416,0.5,0.81
2417,1.8,1.6079999999999999
2418,0.89,0.6587999999999998
2419,3.7,3.9260000000000033
2420,1.83,1.1725999999999999
2421,1.1,1.07
2422,1.3,1.3022
2423,0.85,0.8533999999999999
2424,0.32,0.546
2425,2.21000004,2.229799999000001
2426,1.7,1.8240000000000012
2427,1.8,1.6347999999999998
2428,0.57,0.7787999999999999
2429,1.7,1.6300000000000003
2430,1.5,1.3360000000000003
2431,1.8,1.872000000000001
2432,1.11,1.4553999999999994
2433,0.85,1.0266000000000002
2434,3.1,2.990000000000001
2435,2.3,1.5680000000000005
2436,2.4,1.3360000000000003
2437,0.5,0.856
2438,4.5,4.768
2439,1.97,2.0040000063333325
2440,0.86,1.0906000000000002
2441,1.7,1.742
2442,0.13,0.5666000000000002
2443,0.85,0.9574000000000004
2444,0.95,0.6289999999999999
2445,0.51,0.7106
2446,-0.12,0.42879999999999996
2447,0.35,0.8288
2448,1.5,1.5182000000000004
2449,-0.8,0.03179999999999999
2450,1.09,1.3221999999999992
2451,0.75,0.7397999999999999
2452,1.4,2.0220000000000002
2453,0.75,1.2055999999999991
2454,4.5,4.673999999999998
2455,1.5,1.8320000000000005
2456,0.86,0.8266000000000001
2457,1.07,1.256000000000001
2458,4.5,4.628000000000002
2459,1.32,2.1168000000000013
2460,1.58,1.5903999999999998
2461,6.2,4.292000000000001
2462,1.2,1.5020000000000002
2463,2.2,2.1560000000000006
2464,2.7,2.8760000000000003
2465,2.06,1.4044000000000008
2466,4.5,4.470000000000001
2467,1.4,1.2842000000000002
2468,0.5,1.2969999999999997
2469,1.31,0.7903999999999995
2470,1.6,1.1779999999999997
2471,0.35,0.5339999999999999
2472,1.6,1.8887999999999994
2473,1.8,1.3940000000000003
2474,0.58,1.1159999999999994
2475,0.36,0.6315999999999999
2476,1.59,1.4150000000000003
2477,1.71,1.5023999999999995
2478,4.2,4.611999999999999
2479,0.85,0.9278000000000003
2480,-0.1,0.43620000000000014
2481,1.02,1.6292000000000004
2482,3.3,3.0220000000000002
2483,0.96,1.0344000000000002
2484,2.8,2.7880000000000003
2485,1.79,1.4578000000000002
2486,1.12,0.7844000000000001
2487,2.15,0.8188000000000001
2488,1.58,1.4792
2489,1.11,1.0027999999999992
2490,1.04,0.8851999999999998
2491,0.4,0.7918
2492,1.3,1.9039999999999997
2493,0.83,0.7172
2494,2.34,0.6110000000000001
2495,0.77,0.3567999999999998
2496,2.52,1.2956
2497,2.95,2.3304
2498,1.4,0.9519999999999993
2499,1.9,2.0940000000000007
2500,5.0,5.294
2501,0.8,1.1146000000000003
2502,1.19,0.8819999999999996
2503,0.84,2.125
2504,0.7,0.8184000000000001
2505,0.2,1.2620000000000011
2506,1.4,1.5319999999999996
2507,-0.2,1.2424000000000006
2508,1.5,1.5199999999999998
2509,1.56,1.3553999999999997
2510,1.81,1.1532000000000004
2511,1.1,0.9440000000000004
2512,0.68,1.3359999953999995
2513,-0.32,-0.0007999999999999829
2514,1.0,1.1671999999999998
2515,4.5,4.325999999999998
2516,1.47,1.7420000000000002
2517,0.74,1.3017999999999998
2518,2.1,1.9278000000000004
2519,3.18,2.843400000000001
2520,0.6,1.2218000000000004
2521,0.52,0.9594
2522,1.2,1.119
2523,1.4,1.5119999999999996
2524,0.67,0.805
2525,0.66,0.4784000000000001
2526,1.95,1.0927999999999995
2527,0.41,0.7719999999999999
2528,0.93,1.118399999999999
2529,0.46,-0.2768000000000001
2530,0.34,1.0536
2531,0.84,0.9556
2532,0.32,0.6048000000000001
2533,1.85,1.1860000000000002
2534,1.4,1.1879999999999997
2535,2.08999991,2.0534000013999987
2536,1.69,1.6574000000000007
2537,0.93,1.4786
2538,1.96000004,1.9430000156
2539,1.1,1.4877999999999998
2540,3.2,2.3980000000000006
2541,1.71,2.418599999999999
2542,1.2,1.3016000000000005
2543,0.1,1.0044000000000006
2544,0.7,1.2794000000000003
2545,-0.25,0.22679999999999997
2546,1.85,0.9308
2547,0.7,0.966
2548,0.31,0.2763999999999999
2549,-0.9,-0.6015999999999999
2550,1.84000003,2.0256000022
2551,1.6,1.6622000000000003
2552,3.8,2.7108
2553,0.66,1.0406000000000004
2554,0.4,0.37839999999999996
2555,0.4,0.9114000000000001
2556,1.93,1.989999999999999
2557,0.42,1.5238
2558,2.64,0.26159999999999983
2559,1.9,2.0440000000000005
2560,4.08,2.8198000000000008
2561,0.9,1.0479999999999996
2562,1.3,1.439999999999999
2563,0.99,1.193999999999999
2564,-0.39,-0.07440000000000004
2565,1.3,1.1323999999999999
2566,-0.63,-0.7157999999999999
2567,0.8,0.8732000000000001
2568,0.35,0.4809999999999998
2569,1.6,0.8420000000000001
2570,1.11,1.5737999999999992
2571,-0.08,0.5601999999999999
2572,0.57,1.1567999999999992
2573,0.9,1.2944
2574,0.84,1.1085999999999998
2575,2.19,2.0834000105999992
2576,1.9,2.1439999999999997
2577,1.14,1.2972000000000006
2578,1.7,1.5031999999999999
2579,0.91,1.4336000000000007
2580,1.6,2.0280000000000005
2581,1.3,0.8957999999999998
2582,0.39,1.3152
2583,1.42,1.6255999999999993
2584,5.2,5.921999999999998
2585,0.85,1.1826
2586,1.7,2.0500000000000007
2587,0.57,0.47340000000000027
2588,2.9,1.0614000000000001
2589,1.29,1.0195999999999996
2590,1.9,1.7920000000000005
2591,0.78,0.7203999999999999
2592,1.8,1.7470000010000006
2593,1.0,1.2544
2594,0.38,0.6135999999999999
2595,3.1,3.553999999999998
2596,1.6,1.8820000000000006
2597,2.93,2.4608000000000025
2598,4.7,4.225999999999999
2599,2.00999999,2.383199999799999
2600,0.5,0.9429999999999998
2601,4.7,4.852000000000002
2602,0.89,0.7702
2603,4.3,4.223999999999998
2604,2.02,1.6672000000000005
2605,3.2,2.832400000999999
2606,1.2,1.3111999999999995
2607,1.88,0.7664000000000003
2608,2.8,2.2220000000000004
2609,0.5,0.9247999999999997
2610,0.6,0.5316000000000003
2611,1.31,1.1206000000000003
2612,1.89,0.7098
2613,0.35,1.0898000000000005
2614,1.43,1.0942
2615,0.55,0.5984000000000005
2616,1.4,1.3768
2617,0.86,0.3001999999999998
2618,1.7,1.4824000000000002
2619,1.3,1.0254
2620,0.69,0.4759999999999998
2621,2.3,2.5779999999999994
2622,3.4,3.3759999999999994
2623,5.1,4.686000000000003
2624,2.0,2.2779999999999987
2625,0.7,0.8822000000000003
2626,4.0,2.331999999999999
2627,0.28,0.5928000000000003
2628,2.5,2.4888000000000003
2629,1.52,1.7404
2630,1.12,1.1732
2631,1.2,1.1544
2632,0.45,0.3652000000000002
2633,0.8,1.0184
2634,1.79,1.1543999999999996
2635,1.9,2.4339999999999997
2636,2.33,2.6498000000000017
2637,1.01,0.626
2638,4.5,2.6479999999999997
2639,1.4,2.5824000000000007
2640,2.3,1.504
2641,1.93,2.083000000000001
2642,1.4,1.114
2643,2.44,0.5958000000000001
2644,1.76,-0.0035999999999999765
2645,0.41,1.6398000000000001
2646,2.2,2.0131999878
2647,0.58,0.4384000000000001
2648,0.76,0.6398
2649,-0.47,0.3248
2650,1.59,0.7277999999999998
2651,0.3,1.0039999999999991
2652,0.39,0.9204000000000001
2653,0.9,0.6687999999999998
2654,0.3,0.894
2655,1.8,1.8840000000000006
2656,4.5,4.714000000000002
2657,1.37,0.7303999999999999
2658,0.37,0.5968000000000001
2659,-0.03,0.9386000000000005
2660,5.8,4.998000000000001
2661,0.38,0.5122
2662,1.9,1.6959999999999997
2663,2.4,2.62
2664,3.6,2.356
